{
 "cells": [
  {
   "cell_type": "code",
   "execution_count": 64,
   "metadata": {},
   "outputs": [
    {
     "data": {
      "text/html": [
       "<table>\n",
       "<tbody>\n",
       "\t<tr><td>36.33   </td><td>54.70625</td><td>36.58   </td><td>54.86250</td></tr>\n",
       "\t<tr><td>36.34   </td><td>54.71250</td><td>36.73   </td><td>54.95625</td></tr>\n",
       "\t<tr><td>36.35   </td><td>54.71875</td><td>36.93   </td><td>55.08125</td></tr>\n",
       "\t<tr><td>36.42   </td><td>54.76250</td><td>37.15   </td><td>55.21875</td></tr>\n",
       "\t<tr><td>36.55   </td><td>54.84375</td><td>37.23   </td><td>55.26875</td></tr>\n",
       "</tbody>\n",
       "</table>\n"
      ],
      "text/latex": [
       "\\begin{tabular}{llll}\n",
       "\t 36.33    & 54.70625 & 36.58    & 54.86250\\\\\n",
       "\t 36.34    & 54.71250 & 36.73    & 54.95625\\\\\n",
       "\t 36.35    & 54.71875 & 36.93    & 55.08125\\\\\n",
       "\t 36.42    & 54.76250 & 37.15    & 55.21875\\\\\n",
       "\t 36.55    & 54.84375 & 37.23    & 55.26875\\\\\n",
       "\\end{tabular}\n"
      ],
      "text/markdown": [
       "\n",
       "| 36.33    | 54.70625 | 36.58    | 54.86250 | \n",
       "| 36.34    | 54.71250 | 36.73    | 54.95625 | \n",
       "| 36.35    | 54.71875 | 36.93    | 55.08125 | \n",
       "| 36.42    | 54.76250 | 37.15    | 55.21875 | \n",
       "| 36.55    | 54.84375 | 37.23    | 55.26875 | \n",
       "\n",
       "\n"
      ],
      "text/plain": [
       "     [,1]  [,2]     [,3]  [,4]    \n",
       "[1,] 36.33 54.70625 36.58 54.86250\n",
       "[2,] 36.34 54.71250 36.73 54.95625\n",
       "[3,] 36.35 54.71875 36.93 55.08125\n",
       "[4,] 36.42 54.76250 37.15 55.21875\n",
       "[5,] 36.55 54.84375 37.23 55.26875"
      ]
     },
     "metadata": {},
     "output_type": "display_data"
    },
    {
     "data": {
      "text/html": [
       "<table>\n",
       "<tbody>\n",
       "\t<tr><td>0.04116698</td><td>0.02572936</td><td>0.03449019</td><td>0.02155637</td></tr>\n",
       "\t<tr><td>0.02572936</td><td>0.01608085</td><td>0.02155637</td><td>0.01347273</td></tr>\n",
       "\t<tr><td>0.03449019</td><td>0.02155637</td><td>0.19962031</td><td>0.12476270</td></tr>\n",
       "\t<tr><td>0.02155637</td><td>0.01347273</td><td>0.12476270</td><td>0.07797668</td></tr>\n",
       "</tbody>\n",
       "</table>\n"
      ],
      "text/latex": [
       "\\begin{tabular}{llll}\n",
       "\t 0.04116698 & 0.02572936 & 0.03449019 & 0.02155637\\\\\n",
       "\t 0.02572936 & 0.01608085 & 0.02155637 & 0.01347273\\\\\n",
       "\t 0.03449019 & 0.02155637 & 0.19962031 & 0.12476270\\\\\n",
       "\t 0.02155637 & 0.01347273 & 0.12476270 & 0.07797668\\\\\n",
       "\\end{tabular}\n"
      ],
      "text/markdown": [
       "\n",
       "| 0.04116698 | 0.02572936 | 0.03449019 | 0.02155637 | \n",
       "| 0.02572936 | 0.01608085 | 0.02155637 | 0.01347273 | \n",
       "| 0.03449019 | 0.02155637 | 0.19962031 | 0.12476270 | \n",
       "| 0.02155637 | 0.01347273 | 0.12476270 | 0.07797668 | \n",
       "\n",
       "\n"
      ],
      "text/plain": [
       "     [,1]       [,2]       [,3]       [,4]      \n",
       "[1,] 0.04116698 0.02572936 0.03449019 0.02155637\n",
       "[2,] 0.02572936 0.01608085 0.02155637 0.01347273\n",
       "[3,] 0.03449019 0.02155637 0.19962031 0.12476270\n",
       "[4,] 0.02155637 0.01347273 0.12476270 0.07797668"
      ]
     },
     "metadata": {},
     "output_type": "display_data"
    }
   ],
   "source": [
    "# head(beaver1, 5)\n",
    "# head(beaver2, 5)\n",
    "# beaver1$temp[1:3]\n",
    "data <- cbind(beaver1$temp[1:100], (5/8)*beaver1$temp[1:100] + 32, beaver2$temp[1:100], (5/8)*beaver2$temp[1:100] + 32)\n",
    "head(data, 5)\n",
    "cov(data)"
   ]
  },
  {
   "cell_type": "code",
   "execution_count": 65,
   "metadata": {},
   "outputs": [
    {
     "data": {
      "text/html": [
       "<table>\n",
       "<tbody>\n",
       "\t<tr><td>0.04116698</td><td>0.02572936</td><td>0.03449019</td><td>0.02155637</td></tr>\n",
       "\t<tr><td>0.02572936</td><td>0.01608085</td><td>0.02155637</td><td>0.01347273</td></tr>\n",
       "\t<tr><td>0.03449019</td><td>0.02155637</td><td>0.19962031</td><td>0.12476270</td></tr>\n",
       "\t<tr><td>0.02155637</td><td>0.01347273</td><td>0.12476270</td><td>0.07797668</td></tr>\n",
       "</tbody>\n",
       "</table>\n"
      ],
      "text/latex": [
       "\\begin{tabular}{llll}\n",
       "\t 0.04116698 & 0.02572936 & 0.03449019 & 0.02155637\\\\\n",
       "\t 0.02572936 & 0.01608085 & 0.02155637 & 0.01347273\\\\\n",
       "\t 0.03449019 & 0.02155637 & 0.19962031 & 0.12476270\\\\\n",
       "\t 0.02155637 & 0.01347273 & 0.12476270 & 0.07797668\\\\\n",
       "\\end{tabular}\n"
      ],
      "text/markdown": [
       "\n",
       "| 0.04116698 | 0.02572936 | 0.03449019 | 0.02155637 | \n",
       "| 0.02572936 | 0.01608085 | 0.02155637 | 0.01347273 | \n",
       "| 0.03449019 | 0.02155637 | 0.19962031 | 0.12476270 | \n",
       "| 0.02155637 | 0.01347273 | 0.12476270 | 0.07797668 | \n",
       "\n",
       "\n"
      ],
      "text/plain": [
       "     [,1]       [,2]       [,3]       [,4]      \n",
       "[1,] 0.04116698 0.02572936 0.03449019 0.02155637\n",
       "[2,] 0.02572936 0.01608085 0.02155637 0.01347273\n",
       "[3,] 0.03449019 0.02155637 0.19962031 0.12476270\n",
       "[4,] 0.02155637 0.01347273 0.12476270 0.07797668"
      ]
     },
     "metadata": {},
     "output_type": "display_data"
    }
   ],
   "source": [
    "data.mean <- matrix(data = 1, nrow=nrow(data)) %*% colMeans(data)\n",
    "data.mean <- data - data.mean\n",
    "# head(data.mean,10)\n",
    "C <- (nrow(data) - 1)^-1 * t(data.mean) %*% data.mean\n",
    "C\n",
    "# eigen(cov(data))\n",
    "# prcomp(data)"
   ]
  },
  {
   "cell_type": "code",
   "execution_count": 73,
   "metadata": {},
   "outputs": [
    {
     "data": {
      "text/plain": [
       "eigen() decomposition\n",
       "$values\n",
       "[1]  2.875843e-01  4.726052e-02  4.857226e-17 -6.750473e-18\n",
       "\n",
       "$vectors\n",
       "           [,1]       [,2]          [,3]          [,4]\n",
       "[1,] -0.1728705  0.8301909  0.000000e+00 -5.299989e-01\n",
       "[2,] -0.1080441  0.5188693 -1.107443e-15  8.479983e-01\n",
       "[3,] -0.8301909 -0.1728705 -5.299989e-01 -1.221245e-15\n",
       "[4,] -0.5188693 -0.1080441  8.479983e-01  3.330669e-16\n"
      ]
     },
     "metadata": {},
     "output_type": "display_data"
    },
    {
     "data": {
      "text/plain": [
       "eigen() decomposition\n",
       "$values\n",
       "[1]  2.875843e-01  4.726052e-02  0.000000e+00 -6.591949e-17\n",
       "\n",
       "$vectors\n",
       "          [,1]       [,2]          [,3]          [,4]\n",
       "[1,] 0.1728705  0.8301909  0.000000e+00 -5.299989e-01\n",
       "[2,] 0.1080441  0.5188693 -1.022255e-15  8.479983e-01\n",
       "[3,] 0.8301909 -0.1728705 -5.299989e-01 -1.221245e-15\n",
       "[4,] 0.5188693 -0.1080441  8.479983e-01  1.110223e-16\n"
      ]
     },
     "metadata": {},
     "output_type": "display_data"
    },
    {
     "data": {
      "text/plain": [
       "Importance of components:\n",
       "                          PC1    PC2       PC3       PC4\n",
       "Standard deviation     1.6616 1.1131 2.326e-14 6.917e-15\n",
       "Proportion of Variance 0.6902 0.3098 0.000e+00 0.000e+00\n",
       "Cumulative Proportion  0.6902 1.0000 1.000e+00 1.000e+00"
      ]
     },
     "metadata": {},
     "output_type": "display_data"
    }
   ],
   "source": [
    "eigen(C)\n",
    "eigen(cov(data.mean))\n",
    "data.pca <- prcomp(data, center = TRUE, scale = TRUE)\n",
    "summary(data.pca)"
   ]
  },
  {
   "cell_type": "code",
   "execution_count": 74,
   "metadata": {},
   "outputs": [
    {
     "name": "stdout",
     "output_type": "stream",
     "text": [
      "List of 5\n",
      " $ sdev    : num [1:4] 1.66 1.11 2.33e-14 6.92e-15\n",
      " $ rotation: num [1:4, 1:4] 0.5 0.5 0.5 0.5 -0.5 ...\n",
      "  ..- attr(*, \"dimnames\")=List of 2\n",
      "  .. ..$ : NULL\n",
      "  .. ..$ : chr [1:4] \"PC1\" \"PC2\" \"PC3\" \"PC4\"\n",
      " $ center  : num [1:4] 36.9 55 37.6 55.5\n",
      " $ scale   : num [1:4] 0.203 0.127 0.447 0.279\n",
      " $ x       : num [1:100, 1:4] -4.89 -4.51 -4.01 -3.17 -2.36 ...\n",
      "  ..- attr(*, \"dimnames\")=List of 2\n",
      "  .. ..$ : NULL\n",
      "  .. ..$ : chr [1:4] \"PC1\" \"PC2\" \"PC3\" \"PC4\"\n",
      " - attr(*, \"class\")= chr \"prcomp\"\n"
     ]
    }
   ],
   "source": [
    "str(data.pca)"
   ]
  },
  {
   "cell_type": "code",
   "execution_count": 75,
   "metadata": {},
   "outputs": [
    {
     "ename": "ERROR",
     "evalue": "Error in library(ggbiplot): there is no package called 'ggbiplot'\n",
     "execution_count": 75,
     "output_type": "error",
     "traceback": [
      "Error in library(ggbiplot): there is no package called 'ggbiplot'\nTraceback:\n",
      "1. library(ggbiplot)",
      "2. stop(txt, domain = NA)"
     ]
    }
   ],
   "source": [
    "library(ggbiplot)"
   ]
  },
  {
   "cell_type": "code",
   "execution_count": 44,
   "metadata": {},
   "outputs": [
    {
     "data": {
      "text/html": [
       "<table>\n",
       "<tbody>\n",
       "\t<tr><td>0.1728705    </td><td> 0.8301909   </td><td> 0.000000e+00</td><td>-5.299989e-01</td></tr>\n",
       "\t<tr><td>0.1080441    </td><td> 0.5188693   </td><td>-1.022255e-15</td><td> 8.479983e-01</td></tr>\n",
       "\t<tr><td>0.8301909    </td><td>-0.1728705   </td><td>-5.299989e-01</td><td>-1.221245e-15</td></tr>\n",
       "\t<tr><td>0.5188693    </td><td>-0.1080441   </td><td> 8.479983e-01</td><td> 1.110223e-16</td></tr>\n",
       "</tbody>\n",
       "</table>\n"
      ],
      "text/latex": [
       "\\begin{tabular}{llll}\n",
       "\t 0.1728705     &  0.8301909    &  0.000000e+00 & -5.299989e-01\\\\\n",
       "\t 0.1080441     &  0.5188693    & -1.022255e-15 &  8.479983e-01\\\\\n",
       "\t 0.8301909     & -0.1728705    & -5.299989e-01 & -1.221245e-15\\\\\n",
       "\t 0.5188693     & -0.1080441    &  8.479983e-01 &  1.110223e-16\\\\\n",
       "\\end{tabular}\n"
      ],
      "text/markdown": [
       "\n",
       "| 0.1728705     |  0.8301909    |  0.000000e+00 | -5.299989e-01 | \n",
       "| 0.1080441     |  0.5188693    | -1.022255e-15 |  8.479983e-01 | \n",
       "| 0.8301909     | -0.1728705    | -5.299989e-01 | -1.221245e-15 | \n",
       "| 0.5188693     | -0.1080441    |  8.479983e-01 |  1.110223e-16 | \n",
       "\n",
       "\n"
      ],
      "text/plain": [
       "     [,1]      [,2]       [,3]          [,4]         \n",
       "[1,] 0.1728705  0.8301909  0.000000e+00 -5.299989e-01\n",
       "[2,] 0.1080441  0.5188693 -1.022255e-15  8.479983e-01\n",
       "[3,] 0.8301909 -0.1728705 -5.299989e-01 -1.221245e-15\n",
       "[4,] 0.5188693 -0.1080441  8.479983e-01  1.110223e-16"
      ]
     },
     "metadata": {},
     "output_type": "display_data"
    },
    {
     "data": {
      "text/html": [
       "<table>\n",
       "<tbody>\n",
       "\t<tr><td>0.2875843    </td><td>0.00000000   </td><td>0            </td><td> 0.000000e+00</td></tr>\n",
       "\t<tr><td>0.0000000    </td><td>0.04726052   </td><td>0            </td><td> 0.000000e+00</td></tr>\n",
       "\t<tr><td>0.0000000    </td><td>0.00000000   </td><td>0            </td><td> 0.000000e+00</td></tr>\n",
       "\t<tr><td>0.0000000    </td><td>0.00000000   </td><td>0            </td><td>-6.591949e-17</td></tr>\n",
       "</tbody>\n",
       "</table>\n"
      ],
      "text/latex": [
       "\\begin{tabular}{llll}\n",
       "\t 0.2875843     & 0.00000000    & 0             &  0.000000e+00\\\\\n",
       "\t 0.0000000     & 0.04726052    & 0             &  0.000000e+00\\\\\n",
       "\t 0.0000000     & 0.00000000    & 0             &  0.000000e+00\\\\\n",
       "\t 0.0000000     & 0.00000000    & 0             & -6.591949e-17\\\\\n",
       "\\end{tabular}\n"
      ],
      "text/markdown": [
       "\n",
       "| 0.2875843     | 0.00000000    | 0             |  0.000000e+00 | \n",
       "| 0.0000000     | 0.04726052    | 0             |  0.000000e+00 | \n",
       "| 0.0000000     | 0.00000000    | 0             |  0.000000e+00 | \n",
       "| 0.0000000     | 0.00000000    | 0             | -6.591949e-17 | \n",
       "\n",
       "\n"
      ],
      "text/plain": [
       "     [,1]      [,2]       [,3] [,4]         \n",
       "[1,] 0.2875843 0.00000000 0     0.000000e+00\n",
       "[2,] 0.0000000 0.04726052 0     0.000000e+00\n",
       "[3,] 0.0000000 0.00000000 0     0.000000e+00\n",
       "[4,] 0.0000000 0.00000000 0    -6.591949e-17"
      ]
     },
     "metadata": {},
     "output_type": "display_data"
    },
    {
     "data": {
      "text/html": [
       "<table>\n",
       "<tbody>\n",
       "\t<tr><td>0.04971484   </td><td> 0.039235254 </td><td>0            </td><td> 3.493726e-17</td></tr>\n",
       "\t<tr><td>0.03107178   </td><td> 0.024522033 </td><td>0            </td><td>-5.589962e-17</td></tr>\n",
       "\t<tr><td>0.23874987   </td><td>-0.008169950 </td><td>0            </td><td> 8.050387e-32</td></tr>\n",
       "\t<tr><td>0.14921867   </td><td>-0.005106219 </td><td>0            </td><td>-7.318534e-33</td></tr>\n",
       "</tbody>\n",
       "</table>\n"
      ],
      "text/latex": [
       "\\begin{tabular}{llll}\n",
       "\t 0.04971484    &  0.039235254  & 0             &  3.493726e-17\\\\\n",
       "\t 0.03107178    &  0.024522033  & 0             & -5.589962e-17\\\\\n",
       "\t 0.23874987    & -0.008169950  & 0             &  8.050387e-32\\\\\n",
       "\t 0.14921867    & -0.005106219  & 0             & -7.318534e-33\\\\\n",
       "\\end{tabular}\n"
      ],
      "text/markdown": [
       "\n",
       "| 0.04971484    |  0.039235254  | 0             |  3.493726e-17 | \n",
       "| 0.03107178    |  0.024522033  | 0             | -5.589962e-17 | \n",
       "| 0.23874987    | -0.008169950  | 0             |  8.050387e-32 | \n",
       "| 0.14921867    | -0.005106219  | 0             | -7.318534e-33 | \n",
       "\n",
       "\n"
      ],
      "text/plain": [
       "     [,1]       [,2]         [,3] [,4]         \n",
       "[1,] 0.04971484  0.039235254 0     3.493726e-17\n",
       "[2,] 0.03107178  0.024522033 0    -5.589962e-17\n",
       "[3,] 0.23874987 -0.008169950 0     8.050387e-32\n",
       "[4,] 0.14921867 -0.005106219 0    -7.318534e-33"
      ]
     },
     "metadata": {},
     "output_type": "display_data"
    }
   ],
   "source": [
    "C <- cov(data)\n",
    "e <- eigen(C)\n",
    "R <- e$vectors; R\n",
    "S <- diag(e$values); S\n",
    "T <- R %*% S\n",
    "T"
   ]
  },
  {
   "cell_type": "code",
   "execution_count": 45,
   "metadata": {},
   "outputs": [
    {
     "name": "stderr",
     "output_type": "stream",
     "text": [
      "Warning message:\n",
      "\"package 'ggplot2' was built under R version 3.5.3\""
     ]
    }
   ],
   "source": [
    "library(ggplot2)"
   ]
  },
  {
   "cell_type": "code",
   "execution_count": 51,
   "metadata": {},
   "outputs": [
    {
     "data": {},
     "metadata": {},
     "output_type": "display_data"
    },
    {
     "data": {
      "image/png": "iVBORw0KGgoAAAANSUhEUgAAA0gAAANICAMAAADKOT/pAAAANlBMVEUAAAAzMzNNTU1oaGh8\nfHyMjIyampqnp6eysrK9vb3Hx8fQ0NDZ2dnh4eHp6enr6+vw8PD////agy6EAAAACXBIWXMA\nABJ0AAASdAHeZh94AAAgAElEQVR4nO2di3biWLIF1ZSrXa/2mP//2Sm/MMISSOLkVuY+kWvd\nKuOeGytSEIWReQxHhmHunmFvAYZxGEJimAZDSAzTYAiJYRoMITFMgyEkhmkwhMQwDYaQGKbB\ntAjpf4tnxf9Uj0POkRYrR0jhNORy0AhJjkPOkUZIchxyjjRCkuOQc6QRkhyHnCONkOQ45Bxp\nhCTHIedIIyQ5DjlHGiHJccg50ghJjkPOkUZIchxyjjRCkuOQc6QRkhyHnCONkOQ45BxphCTH\nIedIIyQ5DjlHGiHJccg50ghJjkPOkUZIchxyjjRCkuOQc6QRkhyHnCONkOQ45BxphCTHIedI\nIyQ5DjlHGiHJccg50ghJjkPOkUZIchxyjjRCkuOQc6QRkhyHnCONkOQ45BxphCTHIedIIyQ5\nDjlH2h24YRhu0QgpnIZcDtp23DBMlERIahpyOWibccMwVRIhqWnI5aARkhyHnCONkOQ45Bxp\nPEaS45BzpHHWTo5DzpHG75HkOOQcaYQkxyHnSCMkOQ45RxohyXHIOdIISY5DzpFGSHIcco40\nQpLjkHOkEZIch5wjjZDkOOQcaYQkxyHnSCMkOQ45RxohyXHIOdIISY5DzpFGSHIcco40QpLj\nkHOkEZIch5wjjZDkOOQcaYQkxyHnSCMkOQ45RxohyXHIOdIISY5DzpFGSHIcco40QpLjkHOk\nEZIch5wjjZDkOOQcaYQkxyHnSCMkOQ45RxohyXHIOdIISY5DzpFGSHIcco40QpLjkHOkEZIc\nh5wjjZDkOOQcaRO4qU/i20gjpHAacjloX3GTnw27kUZI4TTkctC+4KY/rXwjrW1IDFNn3kNq\njm3A2P6vw51T6l/CTLTUcrGrDonvkTZr3DuVrsBUtNRyoave2REhyWnI5aCNcfd2REhyGnI5\naJMhNaIRkoCGXA4aIclxyDnSph4jNaMRUjwNuRy0ibN2DWmEFE5DLgeN59rJccg50ghJjkPO\nkUZIchxyjjRCkuOQc6QRkhyHnCONkOQ45BxphCTHIedIIyQ5DjlHGiHJccg50ghJjkPOkUZI\nchxyjjRCkuOQc6QRkhyHnBvt9ZnehKTGIWdGe3vtESGpcch50T7ed6sR7m0ISU1Dbm8aIe2E\nQ86J9vF+QYQkxyFnRDt1xGMkOQ45H9pnR4QkxyHnQzt72y1CUuOQc6Gd3R8Rkh6HnAlt1BEh\nyXHIedDGHRGSHIecB+3ibYkJSY1DzoNGSPdulYqG3G608ft7E5Iah5wLbfT+3oSkxiHnSCMk\nOQ656rTJT5ogJDUOueK06c8+IiQ1DrnatJlP4yMkNQ652jRCarVVKhpyahohtdoqFQ05OY3H\nSI22SkVDTk/jrF2brVLRkMtBIyQ5DjlHGiHJccg50ghJjkPOkUZIchxyjjRCkuOQc6QRkhyH\nnCONkOQ45BxphCTHIedIIyQ5DrlytMmnMmzHLRhCUtOQi6dNP7luM27JEJKahlw4bebp3ltx\ni4aQ1DTkwmmEFLRVKhpywbSLN1S9F7dwCElNQy6WtrQjQpLjkCtEW9wRIclxyBWiLc2IkPQ4\n5ArRCClwq1Q05GJpSzsiJDkOuVK0hR0RkhyHnCONkOQ45BxphCTHIedIIyQ5DjlHGiHJccg5\n0ghJjkMuPW3pmbqFuA1DSGoacu1pi393tAy3ZQhJTUOuOW35sxkW4TYNIalpyDWnEVLQUqlv\nDsg1pi1/vvci3MYhJDUNuba0rR0RkhyHXGLa5o4ISY5DLjFta0aEpMchl5hGSIFLpb45INeW\ntrUjQpLjkEtN29gRIclxyDnSCEmOQy4lbes90QzuziEkNQ25NrTNj42mcfcOIalpyDWhbT9b\nN4m7ewhJTUOuCY2QBEulvjkg14C2/fkMk7gGQ0hqGnL301p0REhyHHLJaE06IiQ5DrlUtDYZ\nEZIeh1wm2kBIsqVS3xyQu4vWrCNCkuOQS0Rr1hEhyXHIpaG1y4iQ9DjkstBadkRIchxySWhN\nO8oT0uHvnP99+TUhKXAdyR1bZpQnpMP7H4fThfHXhCTB9SPX9v6IkPQ45DLQWneUJqSPcghp\nV1wvcs07KhLSPy+zCMEwC+Y9o7011s8C5a8nG7hHkuN6kWt9f1TlHomQRLhu5Fp3REhyHHIp\naI07ShMSZ+1S4DqSq7QqIYXTkFs7H3dFlVZdEdKXZzYcjkee2SDH+cudHhxVWnVNSLdnr6Uy\n3hyicPZyn6frKq1KSOE05NYNIRGSAmcvR0iEpMD5y/EYiZAEuA7k3M/aEVIGXEdylVYlpHAa\nckvn8qkMlVYlpHAacgvny5PrKq1KSOE05JbN16d7V1qVkMJpyC0bQiIkJc5UbuoFsZVWJaRw\nGnILZvKF5ZVWJaRwGnK3Z/oNGiqtSkjhNORuz/TryiutSkjhNORuDyERkhrnKTf5Bg2VViWk\ncBpyS2bqDRoqrUpI4TTkctAISY5DzpFGSHIcco40QpLjkHOkEZIch5wjjZDkOOQ0tFtvpVpp\nVUIKpyE3Mzff3LvSqoQUTkNuem5/3ESlVQkpnIbc9BASIe2JM5Fb8oF8lVYlpHAachOz6IMt\nK61KSOE05L7Osg+IrbQqIYXTkPs6yz7XstKqhBROQ+7rEBIh7Y3zkFv0AbGVViWkcBpyU7Pk\nA2IrrUpI4TTkctAISY5DLo625qPKK61KSOE05M5m0WOjxbR1Q0hqHHJRtGVn65bSVg4hqXHI\nRdEIiZCy4ErLERIhZcHVluMxEiElwRWX46wdIeXAdSRXaVVCCqchl4NGSHIcco40QpLjkHOk\nEZIch5wjjZDkOOTa0tacqbtN2zyEpMYh15S26ndHN2nbh5DUOORa0tY9m+EW7Y4hJDUOuZY0\nQiKkjLhycoRESBlx9eR4jERICXEF5ThrR0j5cB3JVVqVkMJpHcttvSuapt07hKTGIdeGtvnB\n0STt7iEkNQ65JrTtp+umaPcPIalxyDWhERIhJcZVkVv2gRNLaS2GkNQ45O6nNeioyqpvFwkp\nmtalXIuOiqz6fpGQomldyjXIqMqq7xcJKZrWoVyT+6Maq54uElI0rT+5Rh1VWPXzIiFF07qT\na9VRgVXPLhJSNK07uUYZVVj17CIhRdM6k2t2f5R/1dFFQoqm9SXXsKPsq44vElI0rSu5lh0l\nX/XiIiFF07qSa5hR9lUvLhJSNK0rOUIipChaX3INO8q+6vgiIUXTOpNr11H6VUcXCSmahlwO\nGiHJccg50ghJjkPOkUZIchxyjjRCkuOQc6QRkhyH3Mo5nanzX3WORkjhNH+5z98d2a86SyOk\ncJq93NmzGdxXnacRUjjNXo6Q/kdIApq53Oj53t6rXqMRUjjNW278ugnrVa/SCCmcZi138foj\n51Wv0wgpnGYtd/GyCedVr9MIKZxmLPfl9bC+q96iEVI4zVfu6+vKbVe9SSOkcJqt3MT7M7iu\neptGSOE0W7mJl5W7rnqbRkjhNFO5yfcL8lx1CY2QwmmectPvu2W56iIaIYXTLOVm3r/OcdVl\ntLYhMb3Me0Z7a2Qc7pGCaIZys++n6rfqUhohhdP85Obfl9hu1cU0Qgqn2cldeX9vt1WX0wgp\nnGYnd+Vtid1WXU4jpHCamdyV+yO3VdfQCCmc5iV3tSOvVVfRCCmcZiV3vSOrVdfRCCmcZiV3\nNSOvVdfRCCmcZiVHSDM0Qgqnecld7chr1VU0Qgqnmcld68hs1TU0QgqnIZeDRkhyHHJTc/Wu\naDVtyVS6HggpnGYid/3B0Vraoql0PRBSOM1D7sbpupW0ZVPpeiCkcJqHHCFdpxFSOM1B7sYT\nGlbSlk6l64GQwmkGcks7Mlh1K42Qwmn15RZ3VH/VzTRCCqfVl1uakcGqm2mEFE6rL0dIt2mE\nFE4zkFvakcGqW2mEFE5zkFvYkcOqG2mEFE5DLgeNkOQ45BxphCTHIedIIyQ5DjlHGiHJccg5\n0ghJjkPOkUZIchxyjjRCkuOQc6QRkhyHnCONkOQ45BxphCTHIedIIyQ5DjlHGiHJccg50ghJ\njkPOkUZIchxyjjRCkuOQc6QRkhyHnCONkOS4fuWWvhJ2Ge3eqXQ9EFI4rZDc4vdmWES7eypd\nD4QUTqsjt/zdgpbQ7p9K1wMhhdPqyBHSdhohhdOqyC1/P9UltBZT6XogpHBaEbkWHRVZNYJG\nSOG0GnJNOqqxagiNkMJpNeRaZFRk1RAaIYXTasgR0n00QgqnFZFr0VGRVSNohBROqyLXoKMq\nqwbQCCmchlwOGiHJccg50ghJjkPOkUZIchxyjjRCkuOQc6QRkhzXkVyLU3Vnk3lVQpLj+pFr\n8sujs0m8KiHpcd3ItXk6w9nkXbU5jpDUtMRyhNSMRkjhtMRyhNSMRkjhtMxyPEZqRSOkcFpq\nOc7aNaIRUjgNuRw0QpLjkHOkEZIch5wjjZDkOOQcaYQkxyHnSCMkOQ45RxohyXHIOdIISY5D\nzpFGSHIcco40QpLjjOW+PJMhk1wsjZDkOF+5r8+tSyQXTCMkOc5WbuLZ3nnkommEJMfZyhFS\nGI2Qwmlp5CY/cCKLXDyNkOQ4T7npD25JIiegEZIcZyk38wFIOeQUNEKS4yzlZl5WnkNOQSMk\nOc5SjpAISY3zlJt+f4YkcgLaHiENl0NIaXB3nbVriZuazDRCkuOQc6TtE9KoD0JKhOtIrtKq\nhBROQy4HjZMNchxyjrQdQ3ochn+fCCkXriO5SqvOhPTzMDwev7+cZjisKWmvpTq+AnPhMtP2\nCOnnS0Lfh18vX/1LSKlwHclVWnU6pG/D7+Pv4dvrt9c8dtprqY6vwFy4zLTdztp9fySkhLiO\n5CqtOneP9Ofti+cf/GiXDLectuiTJjIfuUrXw3RIvz7uhzjZkA63mLbss48yH7lK18N0SMdf\n397+Pjw+r+iIkAS4pbSFn8aX+chVuh5mQpqcw995/+v1i4/vHU7/i72W6vgKnB1CisVtD+lw\n+mPib0JS4QgpB65NSIfRNwlJiOMxUg7cHT/aTYQ07oiQBDjO2uXANQnp8w7p9BDpn5dZhGAY\n51kQ0um8wvgnO042KHEdyVVadVVIxy/3SBeX9lqq4yswFy4zbeeQhuHw5zKai0dGhKTEdSRX\nadUFIT19/HJ2IiR+tJPjOpKrtOrNkKbujMYhnd0/7bVUx1dgLlxmWpqQjqczdGenHEZPbCAk\nAa4juUqrTofEm5/kxXUkV2lVQgqnIZeDtk9IvEFkVlxHcpVWJaRwGnI5aHlONhBSBlxHcpVW\nJaRwGnI5aHuF9LjyxzpC0uBmaIue6r0ct3Ey03YK6XHt4yNC0uCmactefLQYt3Uy03YK6TD8\n9zA8PT8Mf47LZ6+lOr4C32bhy2GX4jZPZtpOIf29J/ox/D4+Dw+ElApHSDlwK0L6PfzkDSLT\n4QgpB25pSN+HX0/Dt+MfQkqG4zFSDtzSkF4Keni5dnin1Vw4ztrlwC0+/f372/H47zA8ruiI\nkAS4juQqrTof0pbZa6mOr8Ct90QzuDsnM42Q5LhCcpsfG03j7p3MtP3O2r3O4eINGghpZ9yI\ntv1s3STu7slM2yOkw4ZnfhOSBkdIOXCLQvp51tFPQkqFI6QcuLU/2q2avZbq9wrkMdJeOE42\nqGmctctB2yskXkaRE9eRXKVVZ0PiZRRJcR3JVVp1NiReRpEU15FcpVVnQ+JlFElxHclVWvVa\nSLyMIiOuI7lKq86GxMsokuKO95+pu8A1nMy0nULiZRRJccf7f3c0xrWczLS9Tn/zMoqcuOP9\nz2YY4Rpx8tP4hawcl1uOkFLgCElNI6QctD1C2vK+34SkwfEYKQeOkNQ0ztrloO31o933h6fj\n8enh+4qOCEmA60iu0qqzIX0fnt++vaakvZbq+ArMhctM2++ZDS/zzI92yXAdyVVadTakh+Ht\nRzvukZLhOpKrtOpsSE/v79tweCKkVLiO5CqtOhvS8fnx2zB8+/G8oiNCEuA6kqu06nxIW2av\npTq+AnPhMtMISY5DzpFGSHIcco40QpLjkHOkEZIch5wjjZDkOOQcaYQkxyHnSCMkOQ45Rxoh\nyXHIOdIISY5DzpFGSHIcco40QpLjkHOkEZIch5wjjZDkOOQcaYQkxyHnSCMkOQ45RxohyXHI\nOdIISY5DzpFGSHIcco40QpLjkHOkEZIch5wjjZDkOOQcaYQkxyHnSCMkOQ45RxohyXHIOdII\nSY5DzpFGSHIcco40QpLjkHOkEZIch5wjjZDkOOQcaYQkxyHnSCMkOQ45RxohyXHIOdIISY5D\nzpFGSHIcco40QpLjkHOkEZIch5wjjZDkOOQcaYQkxyHnSCMkOU4qNwxDQ9rqyXzkKq1KSOG0\n67hhWFlSR0eu0qqEFE67ihuGtSV1dOQqrUpI4TRCykEjJDmOkBxphCTH8RjJkUZIchxn7Rxp\nhCTHIedIIyQ5DjlHGiHJccg50ghJjkPOkUZIchxyjjRCkuOQc6QRkhyHnCOtUkgM0/1wjxRE\nu8Ct/QXsddrdk/nIVVqVkMJpY9zqpwRdpd0/mY9cpVUJKZw2wq1/kuo1WoPJfOQqrUpI4TRC\nykEjJDkuTG4YCGk3GiHJcVFyLTrq6chVWpWQwmknXJOOejpylVYlpHDaZUiNaI0m85GrtCoh\nhdMIKQeNkOS40MdIzWhtJvORq7QqIYXTxmftGtKaTOYjV2lVQgqnIZeDRkhyHHKONEKS45Bz\npBGSHIecI42Q5DjkHGmEJMch50gjJDkOOUcaIclxyDnSCEmOQ86RRkhyHHKONEKS45BzpBGS\nHIecI42Q5DjkHGmEJMch50gjJDkOOUcaIclxyDnSCEmOQ86RRkhy3P200Uths8kF4jLTCEmO\nu5s2fnOGZHKRuMw0QpLj7qVdvF1QLrlQXGYaIclxhORIIyQ5jpAcaYQkx/EYyZFGSHIcZ+0c\naYQkxyHnSCMkOW47bfKtVLPICXCZaYQkx22mTb+5dxI5BS4zjZDkuK20mY+byCEnwWWmEZIc\nR0iONEKS47bRZj+QL4OcCJeZRkhy3Cba/AdbJpBT4TLTCEmO20K78gGx+8vJcJlphCTH3RFS\nK9z82B05FY2Q5Lj1tKsfWL63nBCXmUZIctxq2tWO9pZT4jLTCEmOW0u73lHHt65UNEKS4zaG\n1Ap3fayOnJJGSHLcOtqN+6Oeb12paIQkx62i3eyo41tXKhohyXFraLc76vjWlYpGSHLchpBa\n4W6PzZFT0whJjiMkRxohyXHrHyO1w90cnyMnphGSHLf6rF1L3K0xOnJaGiHJccg50ghJjkPO\nkUZIchxyjjRCkuOQc6QRkhyHnCONkOQ45BxphCTHIedIIyQ5DjlHGiHJccg50ghJjkPOkUZI\nchxyjjRCkuOQc6QRkhyHnCONkOS4K7SbT/Veh9swVY/c7jRCkuPmabdffLQKt2WKHrn9aYQk\nx83SFrwcdg1u09Q8cglohCTHEZIjjZDkOEJypBGSHMdjJEcaIclxnLVzpBGSHIecI42Q5Djk\nHGmEJMch50gjJDkOOUcaIclxyDnSCEmOu6BtOVN3BXfnVDpyqWiEJMeNaZt+dzSPu3cKHblc\nNEKS40a0bc9mmMXdPXWOXDIaIclxhORIIyQ5jpAcaYQkx/EYyZFGSHIcZ+0caYQkxyHnSCMk\nOQ45RxohyXHIOdIISY5DzpFGSHIcco40QpLjjvefqbvANZzsRy4tjZDkuOP9vzsa41pO8iOX\nl0ZIctzx/mczjHCNOBG01HKVVl0T0uHvvP/1+sXZ9wjpGq4RJ4KWWq7SqitCOpz++Px79D2X\nkIaBkAxpKUM6THzPJaTWHXV860pFSxPSl3siz5Cad9TxrSsVLWNIh9HF1z/+eZlFiOTzntHe\nGkzVWXDTOZ1YmAjpdfb616Edrv39Uc//TKeiFblH8ggpoqOOb12paAlDOsxd3GupVriQjjq+\ndaWipQnpMP7DOKScciG01HKVViWkzzndH2WUC6Kllqu06oqQPp/FcHbKweiZDZ8/1yWUi6Kl\nlqu06pqQbs9eS7XAnT0+yicXRkstV2lVQvqYs9MM+eTCaKnlKq1KSG8zOl+XTS6Qllqu0qqE\n9Drj897J5CJpqeUqrUpIL3Px+6NccqG01HKVViWkl7n4NWwuuVBaarlKqxLSyxBSBzRCEuDG\nzwtKJhdJSy1XaVVCepvR8+uyyQXSUstVWpWQwmnI5aARUihu6qneaeTiaanlKq3ae0iTL5rI\nIiegpZartGrnIU2//CiJnIKWWq7SqoRESJ3QCCkQR0iZ5Sqt2nlIPEbKLFdp1d5D4qxdNzRC\nkuOQc6QRUgju2lsF7S6no6WWq7RqryFdfdOtveWEtNRylVbtNKTrb19X6QrMhctMI6QAHCHF\n4DLTCCkAR0gxuMw0QorA8RgpBJeZRkghOM7aReAy0whJjkPOkUZIchxyjjRCkuOQc6QRkhyH\nnCONkOQ45BxphNQMt/Sj+CpdgblwmWmE1Aq3+EMtK12BuXCZaYTUCLf842ErXYG5cJlphNQI\nR0jxuMw0QmqCu/jAiTtpq6bfW1cqGiG1wK3pqNQVmAuXmUZIDXCrOip1BebCZaYRUgPcmoxq\nXYG5cJlphNQAR0gaXGYaIbXAremo1BWYC5eZRkhNcCs6KnUF5sJlphGSHIecI42Q5DjkHGmE\nJMch50gjJDkOOUcaIclxyDnSCEmOQ86RRkhyHHKONEKS45BzpBGSHIecI42Q5DjkHGmEJMch\n50gjJDkOOUcaIclxyDnSCEmOQ86RRkhyHHKONEKS45BzpBGSHIecI42Q5DjkHGmEJMch50gj\nJDkOOUcaIclxyDnSCEmOQ86RRkhyHHKONEKS45BzpBGSHIecI42Q5DjkHGmEJMch50gjJDkO\nOUcaIclxyDnSCEmOQ86RRkhyHHKONEKS45BzpBGSHIecI42Q5DjkHGmEJMch50gjJDkOOUca\nIclxyDnSCEmOQ86RRkhyHHKONEKS45BzpBGSHIecI42Q5DjkHGmEJMch50gjJDkOOUcaIclx\nyDnSCEmOQ86RRkhyHHKONEKS45BzpBGSHIecI42Q5DjkHGmEJMch50gjJDkOOUdapZAYpvvh\nHimIhlwOWqV7pL2W6vgKzIXLTCMkOQ45RxohyXHIOdII6W2GYWiJuzaVrsBcuMw0QnqdYbhW\nUr9XYC5cZhohvcwwXC2p3yswFy4zjZBehpBiaKnlKq1KSOE05HLQCOl1eIwUQkstV2nVMiFx\n1i6Ellqu0qp1QhLikHOkEZIch5wjjZDkOOQcaYQkxyHnSCMkOQ45RxohyXHIOdIISY5DzpFG\nSHIcco40QpLjkHOkEZIch5wjjZDkOOQcaYQkxyHnSCMkOQ45RxohyXHIOdIISY5DzpFGSHIc\nco40QpLjkHOkEZIch5wjjZDkOOQcaYQkxyHnSCMkOQ45RxohyXHIOdIISY5DzpFGSHIcco40\nQpLjkHOkEZIch5wjjZDkOOQcaYQkxyHnSCMkOQ45RxohyXHIOdIISY5DzpFGSHIcco40QpLj\nkHOkEZIch5wjjZDkOOQcaYQkxyHnSCMkOQ45RxohyXHIOdIISY5DzpFGSHIcco40QpLjkHOk\nEZIch5wjjZDkOOQcaYQkxyHnSCMkOQ45RxohyXHIOdIISY5DzpFGSHIcco40QpLjkHOkEZIc\nh5wjjZDkOOQcaYQkxyHnSCMkOQ45R5pVSMMwRCzV8RWYC5eZ5hTSMHyUVOkY5cJ1JFdpVWlI\nw3AqqdIxyoXrSK7SqoQUTkMuB42Q1m+VioZcDppRSDxGSkdLLVdpVW1InLXLRkstV2lVcUhB\nS3V8BebCZaYRkhyHnCONkOQ45BxphCTHIedIIyQ5DjlHGiHJccg50ghJjkPOkUZIchxyjjRC\nkuOQc6QRkhyHnCONkOQ45BxphCTHIedIIyQ5DjlHGiHJccg50ghJjkPOkUZIchxyjjRCkuOQ\nc6QRkhyHnCONkOQ45BxphCTHIedIIyQ5DjlHGiHJccg50ghJjkPOkUZIchxyjrQ8IR3+zvnf\nH1+fLhCSANeRXKVVV4R0eP/jcLpw9jchqXAdyVValZDCacjloKUJ6SOcw/giIWlxHclVWnVT\nSJ8Piz4fIv3zMosQDOM8C0J6i+btj/fvHI/nd0t7/evQ8b+EuXCZaQnvkY5zP9/ttVTHV2Au\nXGZapZB2m9Q/VCK3cTK7zcttOmv3JaqdpuYhzzCZ5TK7BYSUoKOihzzDZJbL7HZHSF+e2XA4\n+3rnqXnIM0xmucxu94TEMMzNISSGaTCExDANhpAYpsEQEsM0GEJimAZTKqSPJ8uev65w6nWH\nu8wtuV3t5uQy/C5jwu0w5bu73Pn3jhffKxbSxd/H6d8X7zNX5Pb/7fXUC8myPE1l+kVuuQ7c\n1PN6xgeOkFoNIW2cmZB29/q0cAtp9taQIaS5f1cvXxS5y1zpaPcjV+EOacFNrlRIUz/ov/+x\n981hUu7tPyT7Sf/LQ6Tjcd+Qpg9csseWx1s3uVIhvf9x+352h5kTyXBbTX3kZjwO4z92mpPc\n2f1j/ZBe5+LONsvN4W3mHiddfG+fmfkxJcWR++o29dVOs+hfIEJqOdlvD6O/379OceS+uE39\nU7TX2IWU+QeUGZHD6L/tNpmPnMmBqxbS+f99fC/DzWFS7vzQ7/rv6tyRO13eOaQvB+4spDQH\nziekq68x3Pv8zpTc6Bf02eTSHLkpt9ONtsyBKxUSw2QdQmKYBkNIDNNgCIlhGgwhMUyDISSG\naTCExDANhpAYpsEQEsM0GEKqMcPoivp5uPiPw+X1+DBMf58JGg50jRkXcdHH12B+DoSkHQ50\njbkR0sX/+r+PgghJNRzo9PP0MHx/K+LP92E4PJ7uaT4ufs3l24GQxMOBzj7Pf6MYvr8U8Xt4\nncf3kE4Xv+TyY/hFSOLhQGefx+Hh+PzwUsS34dfrT23vfVxc/Jz/Pu7BCEk3HOjs8214+vvj\n3VsRT/ynF4EAAADySURBVL9/PJyVc3HxYw6HZ0JSDwc6+7y18Prnw9sPcx/fu7j4Mf8Ov4+E\npB4OdPb5DOnf4dvP30+nci4unv0/DB+FEZJsONDZ5/NHu9cqnk9fXVw8DSHtMRzo7PNjeHg+\nvj8U+vN+2uE9ktHF8fCjnXg40Nnn8/T34/D5oOgwvvjyPxxFQ0ji4UCnn6fvH6ez/x2Ghz8v\nX/18CenzIiHtPxxog3k/Nz7xxlWEpBoOtMG85fLtz9x/YeKHA20wc8/y5tnfuuFAGwwh7T8c\naIZpMITEMA2GkBimwRASwzQYQmKYBkNIDNNgCIlhGgwhMUyD+T+Ckoeir2bAKQAAAABJRU5E\nrkJggg==",
      "text/plain": [
       "plot without title"
      ]
     },
     "metadata": {},
     "output_type": "display_data",
     "source": "R display func"
    }
   ],
   "source": [
    "data <- as.data.frame(data)\n",
    "ggplot(data = data) + geom_point(aes(data[,4], data[,3]))"
   ]
  }
 ],
 "metadata": {
  "kernelspec": {
   "display_name": "R",
   "language": "R",
   "name": "ir"
  },
  "language_info": {
   "codemirror_mode": "r",
   "file_extension": ".r",
   "mimetype": "text/x-r-source",
   "name": "R",
   "pygments_lexer": "r",
   "version": "3.5.1"
  }
 },
 "nbformat": 4,
 "nbformat_minor": 2
}
